$ 1 0.000005 10.20027730826997 50 5 43
x -296 -178 -31 -175 4 24 128K\sROM\sAddr\sDecode
x -114 -140 -67 -137 4 12 BCLEAR
x -359 -12 -344 -9 6 12 N3
x -358 -158 -343 -155 6 12 N2
x -359 -61 -344 -58 6 12 N1
x -360 -108 -345 -105 6 12 N0
x -600 -12 -550 -9 6 12 CPUCYC
x 123 1 148 4 6 12 CSH
x 123 -78 146 -75 6 12 CSL
M 80 0 112 0 0 2.5
M 80 -80 112 -80 0 2.5
x -104 40 -81 43 6 12 LDS
x -103 -41 -78 -38 6 12 UDS
x -491 -29 -475 -26 6 12 AS
x -494 -156 -473 -153 4 12 A23
x -498 -47 -477 -44 4 12 A22
x -497 -62 -476 -59 4 12 A21
x -498 -79 -477 -76 4 12 A20
x -498 -94 -477 -91 4 12 A19
x -499 -111 -478 -108 4 12 A18
x -498 -128 -477 -125 4 12 A17
x -687 1 -665 4 4 12 FC2
x -686 -15 -664 -12 4 12 FC1
x -687 -31 -665 -28 4 12 FC0
L -64 -64 -96 -64 0 0 false 5 0
L -64 16 -96 16 0 0 false 5 0
w -64 0 -64 16 0
w -64 -80 -64 -64 0
w -112 -16 -64 -16 0
w -112 -96 -112 -16 0
w -112 -96 -64 -96 0
153 -64 0 16 0 0 3 5 5
153 -64 -80 16 -80 0 3 5 5
L -624 0 -656 0 0 1 false 5 0
L -624 -16 -656 -16 0 1 false 5 0
150 -624 -16 -528 -16 0 3 0 5
w -272 -16 -272 -96 0
w -320 -16 -272 -16 0
w -288 -64 -288 -112 0
w -320 -64 -288 -64 0
w -304 -144 -192 -144 0
w -304 -112 -304 -144 0
w -320 -112 -304 -112 0
w -320 -160 -256 -160 0
151 -192 -128 -112 -128 0 4 0 5
L -400 -160 -464 -160 0 0 false 5 0
L -400 -32 -464 -32 0 0 false 5 0
L -400 -48 -464 -48 0 0 false 5 0
L -400 -64 -464 -64 0 0 false 5 0
L -400 -80 -464 -80 0 0 false 5 0
L -432 -96 -464 -96 0 0 false 5 0
L -416 -112 -464 -112 0 0 false 5 0
L -400 -128 -464 -128 0 0 false 5 0
L -624 -32 -656 -32 0 0 false 5 0
153 -400 -16 -320 -16 0 3 5 5
153 -400 -64 -320 -64 0 3 5 5
153 -400 -112 -320 -112 0 3 5 5
153 -400 -160 -320 -160 0 3 5 5
w -272 -96 -208 -96 0
w -288 -112 -224 -112 0
w -112 -128 -112 -96 0
I 16 -80 80 -80 0 0.5 5
I 16 0 80 0 0 0.5 5
I -48 320 16 320 0 0.5 5
I -48 192 16 192 0 0.5 5
w -176 144 -176 176 0
153 -400 128 -320 128 0 3 0 5
151 -256 144 -176 144 0 4 5 5
153 -128 192 -48 192 0 3 0 5
153 -128 320 -48 320 0 3 0 5
w -176 176 -128 176 0
w -176 176 -176 304 0
w -176 304 -128 304 0
w -128 192 -128 208 0
w -128 320 -128 336 0
L -128 336 -160 336 0 0 false 5 0
L -128 208 -160 208 0 0 false 5 0
x -497 115 -473 118 4 12 !A17
x -167 231 -142 234 6 12 UDS
x -171 358 -148 361 6 12 LDS
M 16 192 48 192 0 2.5
M 16 320 48 320 0 2.5
x 59 194 90 197 6 12 RCEL
x 59 321 92 324 6 12 RCEH
x -368 132 -345 135 6 12 RN0
x -178 132 -122 135 4 12 RBCLEAR
x -452 220 -190 223 4 24 128K\sRAM\sAddr\sDecode
I -448 112 -400 112 0 0.5 5
w -256 -160 -192 -160 0
w -224 -112 -192 -112 0
w -208 -96 -192 -96 0
L -64 128 -96 128 0 0 false 5 0
x -108 116 -82 119 4 12 R/!W
w -400 80 -464 80 0
w -464 80 -464 112 0
w -464 112 -448 112 0
M -16 160 16 160 0 2.5
x 24 161 98 164 6 12 RWEL/RWEH
R -880 -112 -912 -112 0 0 40 5 0 0 0.5
c -880 -112 -816 -112 0 0.00001 4.903457411632343
r -816 -112 -816 -48 0 5600
g -816 -48 -816 -32 0
183 -816 -112 -736 -112 0 0.5 0.8 1.6 5 0
I -672 -112 -608 -112 0 0.5 5
M -608 -112 -592 -112 0 2.5
x -646 -125 -607 -122 6 12 RESET
x -647 -78 -612 -75 4 24 OC
w -320 128 -256 128 0
w -272 -16 -272 112 0
w -272 112 -256 112 0
w -288 -64 -288 160 0
w -288 160 -256 160 0
w -256 -160 -256 80 0
w -256 80 -304 80 0
w -304 80 -304 176 0
w -304 176 -256 176 0
183 -736 -112 -672 -112 0 0.5 0.8 1.6 5 0
w -416 -112 -416 128 0
w -416 128 -400 128 0
w -416 -112 -400 -112 0
w -432 -96 -400 -96 0
w -432 -96 -432 144 0
w -432 144 -400 144 0
w -400 -144 -528 -144 0
w -608 -112 -608 -96 0
I -528 -96 -528 -144 0 0.5 5
w -608 -96 -528 -96 0
w -400 0 -448 0 0
w -400 80 -400 -128 0
M 128 80 160 80 0 2.5
w -16 128 -16 96 0
w -16 96 0 96 0
L 0 64 -80 64 0 1 false 5 0
x -112 65 -90 68 4 12 FC2
w -448 0 -448 -16 0
w -400 -16 -448 -16 0
w -448 -16 -528 -16 0
w 0 64 0 80 0
I 80 80 128 80 0 0.5 5
150 0 80 80 80 0 3 5 5
x 168 82 195 85 6 12 EWE
x 168 112 193 115 6 12 EOE
w 80 80 80 112 0
w 80 112 128 112 0
M 128 112 160 112 0 2.5
I -64 128 -16 128 0 0.5 5
w -64 128 -64 160 0
w -64 160 -16 160 0
g -560 -176 -560 -160 0
w -400 -176 -560 -176 0
o 104 64 0 4098 5 0.1 0 1
